//front
0 0 45
30 0 45
60 0 45
0 30 45
30 30 45
60 30 45
0 60 45
30 60 45
60 60 45

//back 
60 0 -45
30 0 -45
0 0 -45
60 30 -45
30 30 -45
0 30 -45
60 60 -45
30 60 -45
0 60 -45

//right rotateY(90deg)
-30 0 75
0 0 75
30 0 75
-30 30 75
0 30 75
30 30 75
-30 60 75
0 60 75
30 60 75

//left rotateY(90deg)
30 0 -15
0 0 -15
-30 0 -15
30 30 -15
0 30 -15
-30 30 -15
30 60 -15
0 60 -15
-30 60 -15

//up rotateX(90deg)
0 -30 15
30 -30 15
60 -30 15
0 0 15
30 0 15
60 0 15
0 30 15
30 30 15
60 30 15

//down rotateX(90deg)
0 30 -75
30 30 -75
60 30 -75
0 0 -75
30 0 -75
60 0 -75
0 -30 -75
30 -30 -75
60 -30 -75